0.14496274316141708
1.494793415241709
1.773206962355852
1.999192139728024
1.032341835317567
2.2967106103344146
1.773206962355852
1.9765726497162017
0.924776075598891
1.8253249245289065
1.773206962355852
2.7787138380342773
1.8602338850597993
0.9473550016012776
1.4833070341846093
1.773206962355852
1.1397623391440015
2.047341520972505
1.4002707532064673
2.4741075470063243
1.773206962355852
1.5512327067008216
2.8476140983728944
2.3531481013420437
1.9046326582128876
2.159198872250887
2.8476140983728944
2.8476140983728944
1.2152286287925587
1.6649918181861092
2.8476140983728944
2.8476140983728944
2.8476140983728944
2.3361217752155885
0.46359688478920086
2.8476140983728944
1.696020685434335
2.3522493657480994
2.8476140983728944
2.8476140983728944
1.773206962355852
1.345747619101369
1.663316384546655
1.8878018974232327
1.1968608099109421
2.8476140983728944
1.968222048349051
0.8529325185219458
0.9445613325420043
2.8476140983728944
1.2974289249128323
2.8476140983728944
1.773206962355852
2.3522493657480994
1.4421439865180568
1.4354146967035677
1.773206962355852
1.773206962355852
1.773206962355852
2.4463518471506602
2.5910669087558853
2.1861832467507107
0.5065652319266098
2.8476140983728944
2.708278311792595
1.773206962355852
1.4421439865180568
1.773206962355852
2.8476140983728944
2.3415010502405136
1.773206962355852
1.454689863083205
2.480836836820813
1.0221089830643812
1.773206962355852
1.2022957917299695
0.2444087358215653
1.773206962355852
