58	55	57	54	56	56	57	57	53	50	57	56	53	54	54	57	56	54	56	58	57	55	57	57	56	55	57	57	57	52	57	57	57	57	41	57	56	57	57	57	57	57	54	57	57	57	57	56	57	57	57	57	57	57	57	58	57	57	57	57	57	56	47	57	57	57	57	57	57	57	57	57	57	52	57	56	28	57	
55	67	65	62	64	66	65	65	61	59	65	65	61	62	64	65	64	61	64	65	65	63	66	64	65	63	66	66	63	60	66	66	66	66	50	66	64	64	66	66	65	65	62	64	63	66	66	61	60	66	65	66	65	64	65	64	65	65	65	66	66	65	55	66	65	65	65	65	66	65	65	62	66	58	65	62	33	65	
57	65	76	70	71	72	75	71	69	66	75	74	68	70	72	75	72	70	73	74	75	73	75	73	70	70	75	75	72	67	75	75	75	73	57	75	74	73	75	75	75	73	72	70	69	75	71	67	67	75	73	75	75	73	74	74	75	75	75	73	74	72	62	75	74	75	74	75	75	73	75	72	74	68	75	69	38	75	
54	62	70	72	66	68	70	67	66	64	70	70	66	68	67	70	69	68	68	71	70	69	71	70	68	66	71	71	69	68	71	71	71	69	56	71	69	70	71	71	70	68	67	68	64	71	67	64	64	71	68	71	70	70	69	70	70	70	70	69	70	69	61	71	70	70	69	70	71	69	70	67	70	66	70	64	35	70	
56	64	71	66	72	69	71	69	65	64	71	71	64	66	68	71	68	66	71	70	71	69	71	69	68	67	71	71	68	64	71	71	71	71	55	71	70	69	71	71	71	70	70	69	67	71	70	64	64	71	71	71	71	69	71	70	71	71	71	71	71	68	60	71	70	71	71	71	71	70	71	68	71	64	71	66	37	71	
56	66	72	68	69	74	72	70	66	64	72	72	68	67	71	72	69	68	71	72	72	70	73	71	69	70	73	73	70	65	73	73	73	72	56	73	71	71	73	73	72	71	69	69	66	73	71	66	64	73	71	73	72	71	72	71	72	72	72	71	72	70	59	73	72	72	72	72	73	72	72	69	73	65	72	67	36	72	
57	65	75	70	71	72	76	71	69	66	75	74	68	70	72	75	72	70	73	74	75	73	75	73	70	70	75	75	72	67	75	75	75	73	57	75	74	73	75	75	75	73	72	70	69	75	71	67	67	75	73	75	75	73	74	74	75	75	75	73	74	72	62	75	74	75	74	75	75	73	75	72	74	68	75	69	38	75	
57	65	71	67	69	70	71	73	65	63	71	71	65	68	68	71	68	67	70	71	71	69	72	70	69	68	72	72	68	65	72	72	72	71	55	72	70	70	72	72	71	70	68	69	66	72	70	66	66	72	70	72	71	70	71	70	71	71	71	71	72	69	60	72	72	71	71	71	72	72	71	69	72	66	71	66	37	71	
53	61	69	66	65	66	69	65	70	63	69	68	65	67	67	69	68	67	67	69	69	68	69	69	65	64	69	69	68	63	69	69	69	67	54	69	68	69	69	69	69	69	66	64	65	69	65	61	63	69	67	69	69	69	68	69	69	69	69	67	68	69	61	69	68	69	68	69	69	67	69	66	68	64	69	65	37	69	
50	59	66	64	64	64	66	63	63	68	66	66	63	63	64	66	65	63	64	67	66	64	67	66	63	62	67	67	64	61	67	67	67	67	55	67	65	67	67	67	66	64	64	64	62	67	65	58	58	67	66	67	66	67	65	66	66	66	66	67	66	67	60	67	66	66	65	66	67	65	66	63	66	60	66	60	32	66	
57	65	75	70	71	72	75	71	69	66	76	74	68	70	72	75	72	70	73	74	75	73	75	73	70	70	75	75	72	67	75	75	75	73	57	75	74	73	75	75	75	73	72	70	69	75	71	67	67	75	73	75	75	73	74	74	75	75	75	73	74	72	62	75	74	75	74	75	75	73	75	72	74	68	75	69	38	75	
56	65	74	70	71	72	74	71	68	66	74	76	68	69	71	74	71	70	73	74	74	72	75	73	70	70	75	75	71	67	75	75	75	73	56	75	73	73	75	75	74	72	73	70	68	75	71	66	66	75	72	75	74	73	73	73	74	74	74	73	74	72	61	75	74	74	73	74	75	73	74	71	74	67	74	68	37	74	
53	61	68	66	64	68	68	65	65	63	68	68	70	66	67	68	68	66	66	69	68	68	69	69	65	64	69	69	68	63	69	69	69	67	55	69	67	68	69	69	68	66	65	64	62	69	67	62	61	69	66	69	68	68	67	68	68	68	68	67	68	68	59	69	68	68	67	68	69	67	68	65	68	63	68	64	34	68	
54	62	70	68	66	67	70	68	67	63	70	69	66	71	68	70	70	67	68	70	70	69	70	69	66	65	70	70	69	65	70	70	70	68	56	70	69	69	70	70	70	68	67	65	64	70	66	64	64	70	68	70	70	69	69	70	70	70	70	68	69	69	61	70	69	70	69	70	70	68	70	67	69	67	70	64	36	70	
54	64	72	67	68	71	72	68	67	64	72	71	67	68	73	72	70	68	70	71	72	70	72	70	68	69	72	72	69	65	72	72	72	70	57	72	72	70	72	72	72	70	69	67	66	72	68	64	64	72	70	72	72	70	71	71	72	72	72	70	71	70	60	72	71	72	71	72	72	70	72	69	71	65	72	66	35	72	
57	65	75	70	71	72	75	71	69	66	75	74	68	70	72	76	72	70	73	74	75	73	75	73	70	70	75	75	72	67	75	75	75	73	57	75	74	73	75	75	75	73	72	70	69	75	71	67	67	75	73	75	75	73	74	74	75	75	75	73	74	72	62	75	74	75	74	75	75	73	75	72	74	68	75	69	38	75	
56	64	72	69	68	69	72	68	68	65	72	71	68	70	70	72	73	68	70	72	72	71	72	71	68	67	72	72	70	66	72	72	72	70	57	72	71	71	72	72	72	70	69	67	66	72	68	66	64	72	70	72	72	71	71	72	72	72	72	70	71	71	61	72	71	72	71	72	72	70	72	69	71	67	72	66	37	72	
54	61	70	68	66	68	70	67	67	63	70	70	66	67	68	70	68	72	68	71	70	69	71	71	66	68	71	71	69	67	71	71	71	69	54	71	70	70	71	71	70	68	67	66	64	71	67	62	64	71	68	71	70	70	69	70	70	70	70	69	70	69	60	71	70	70	69	70	71	69	70	69	70	66	70	66	36	70	
56	64	73	68	71	71	73	70	67	64	73	73	66	68	70	73	70	68	74	72	73	71	73	71	69	69	73	73	70	65	73	73	73	72	57	73	72	71	73	73	73	72	72	69	67	73	70	66	65	73	72	73	73	71	73	72	73	73	73	71	72	70	60	73	72	73	73	73	73	72	73	70	73	66	73	67	38	73	
58	65	74	71	70	72	74	71	69	67	74	74	69	70	71	74	72	71	72	76	74	72	75	74	70	70	75	75	72	68	75	75	75	73	57	75	73	74	75	75	74	72	71	70	68	75	71	66	66	75	72	75	74	74	73	74	74	74	74	73	74	73	62	75	74	74	73	74	75	73	74	71	74	68	74	68	37	74	
57	65	75	70	71	72	75	71	69	66	75	74	68	70	72	75	72	70	73	74	76	73	75	73	70	70	75	75	72	67	75	75	75	73	57	75	74	73	75	75	75	73	72	70	69	75	71	67	67	75	73	75	75	73	74	74	75	75	75	73	74	72	62	75	74	75	74	75	75	73	75	72	74	68	75	69	38	75	
55	63	73	69	69	70	73	69	68	64	73	72	68	69	70	73	71	69	71	72	73	74	73	72	68	68	73	73	70	66	73	73	73	71	56	73	72	71	73	73	73	71	70	68	67	73	69	67	65	73	71	73	73	71	72	72	73	73	73	71	72	70	61	73	72	73	72	73	73	71	73	70	72	67	73	69	38	73	
57	66	75	71	71	73	75	72	69	67	75	75	69	70	72	75	72	71	73	75	75	73	77	74	71	71	76	76	72	68	76	76	76	74	57	76	74	74	76	76	75	73	72	71	69	76	72	67	67	76	73	76	75	74	74	74	75	75	75	74	75	73	62	76	75	75	74	75	76	74	75	72	75	68	75	69	37	75	
57	64	73	70	69	71	73	70	69	66	73	73	69	69	70	73	71	71	71	74	73	72	74	75	69	69	74	74	71	67	74	74	74	72	56	74	72	73	74	74	73	71	70	69	67	74	70	65	65	74	71	74	73	73	72	73	73	73	73	72	73	72	62	74	73	73	72	73	74	72	73	70	73	67	73	69	37	73	
56	65	70	68	68	69	70	69	65	63	70	70	65	66	68	70	68	66	69	70	70	68	71	69	72	68	71	71	67	66	71	71	71	70	55	71	69	69	71	71	70	69	67	70	65	71	69	65	65	71	69	71	70	69	70	69	70	70	70	70	71	69	61	71	70	70	70	70	71	70	70	68	71	63	70	65	34	70	
55	63	70	66	67	70	70	68	64	62	70	70	64	65	69	70	67	68	69	70	70	68	71	69	68	72	71	71	67	65	71	71	71	70	54	71	71	69	71	71	70	69	67	68	64	71	68	64	64	71	69	71	70	69	70	69	70	70	70	69	70	68	58	71	70	70	70	70	71	70	70	69	71	63	70	65	35	70	
57	66	75	71	71	73	75	72	69	67	75	75	69	70	72	75	72	71	73	75	75	73	76	74	71	71	77	76	72	68	76	76	76	74	57	76	74	74	76	76	75	73	72	71	69	76	72	67	67	76	73	76	75	74	74	74	75	75	75	74	75	73	62	76	75	75	74	75	76	74	75	72	75	68	75	69	37	75	
57	66	75	71	71	73	75	72	69	67	75	75	69	70	72	75	72	71	73	75	75	73	76	74	71	71	76	77	72	68	76	76	76	74	57	76	74	74	76	76	75	73	72	71	69	76	72	67	67	76	73	76	75	74	74	74	75	75	75	74	75	73	62	76	75	75	74	75	76	74	75	72	75	68	75	69	37	75	
57	63	72	69	68	70	72	68	68	64	72	71	68	69	69	72	70	69	70	72	72	70	72	71	67	67	72	72	73	66	72	72	72	70	55	72	71	71	72	72	72	70	69	67	66	72	69	65	66	72	70	72	72	71	71	72	72	72	72	70	71	70	61	72	71	72	71	72	72	70	72	69	71	67	72	67	37	72	
52	60	67	68	64	65	67	65	63	61	67	67	63	65	65	67	66	67	65	68	67	66	68	67	66	65	68	68	66	69	68	68	68	66	54	68	67	67	68	68	67	65	64	66	62	68	65	61	62	68	65	68	67	67	66	67	67	67	67	67	68	66	60	68	67	67	66	67	68	66	67	66	67	64	67	62	34	67	
57	66	75	71	71	73	75	72	69	67	75	75	69	70	72	75	72	71	73	75	75	73	76	74	71	71	76	76	72	68	77	76	76	74	57	76	74	74	76	76	75	73	72	71	69	76	72	67	67	76	73	76	75	74	74	74	75	75	75	74	75	73	62	76	75	75	74	75	76	74	75	72	75	68	75	69	37	75	
57	66	75	71	71	73	75	72	69	67	75	75	69	70	72	75	72	71	73	75	75	73	76	74	71	71	76	76	72	68	76	77	76	74	57	76	74	74	76	76	75	73	72	71	69	76	72	67	67	76	73	76	75	74	74	74	75	75	75	74	75	73	62	76	75	75	74	75	76	74	75	72	75	68	75	69	37	75	
57	66	75	71	71	73	75	72	69	67	75	75	69	70	72	75	72	71	73	75	75	73	76	74	71	71	76	76	72	68	76	76	77	74	57	76	74	74	76	76	75	73	72	71	69	76	72	67	67	76	73	76	75	74	74	74	75	75	75	74	75	73	62	76	75	75	74	75	76	74	75	72	75	68	75	69	37	75	
57	66	73	69	71	72	73	71	67	67	73	73	67	68	70	73	70	69	72	73	73	71	74	72	70	70	74	74	70	66	74	74	74	75	57	74	72	72	74	74	73	72	70	71	68	74	72	66	65	74	73	74	73	72	73	72	73	73	73	73	73	71	60	74	73	73	73	73	74	73	73	70	74	66	73	67	36	73	
41	50	57	56	55	56	57	55	54	55	57	56	55	56	57	57	57	54	57	57	57	56	57	56	55	54	57	57	55	54	57	57	57	57	58	57	57	56	57	57	57	57	56	54	51	57	55	51	49	57	57	57	57	56	58	57	57	57	57	55	56	56	51	57	56	57	58	57	57	57	57	54	58	54	57	51	28	57	
57	66	75	71	71	73	75	72	69	67	75	75	69	70	72	75	72	71	73	75	75	73	76	74	71	71	76	76	72	68	76	76	76	74	57	77	74	74	76	76	75	73	72	71	69	76	72	67	67	76	73	76	75	74	74	74	75	75	75	74	75	73	62	76	75	75	74	75	76	74	75	72	75	68	75	69	37	75	
56	64	74	69	70	71	74	70	68	65	74	73	67	69	72	74	71	70	72	73	74	72	74	72	69	71	74	74	71	67	74	74	74	72	57	74	75	72	74	74	74	72	71	69	68	74	70	66	66	74	72	74	74	72	73	73	74	74	74	72	73	71	61	74	73	74	73	74	74	72	74	71	73	67	74	68	37	74	
57	64	73	70	69	71	73	70	69	67	73	73	68	69	70	73	71	70	71	74	73	71	74	73	69	69	74	74	71	67	74	74	74	72	56	74	72	75	74	74	73	71	70	69	69	74	70	65	65	74	71	74	73	74	72	73	73	73	73	72	73	73	62	74	73	73	72	73	74	72	73	70	73	67	73	67	37	73	
57	66	75	71	71	73	75	72	69	67	75	75	69	70	72	75	72	71	73	75	75	73	76	74	71	71	76	76	72	68	76	76	76	74	57	76	74	74	77	76	75	73	72	71	69	76	72	67	67	76	73	76	75	74	74	74	75	75	75	74	75	73	62	76	75	75	74	75	76	74	75	72	75	68	75	69	37	75	
57	66	75	71	71	73	75	72	69	67	75	75	69	70	72	75	72	71	73	75	75	73	76	74	71	71	76	76	72	68	76	76	76	74	57	76	74	74	76	77	75	73	72	71	69	76	72	67	67	76	73	76	75	74	74	74	75	75	75	74	75	73	62	76	75	75	74	75	76	74	75	72	75	68	75	69	37	75	
57	65	75	70	71	72	75	71	69	66	75	74	68	70	72	75	72	70	73	74	75	73	75	73	70	70	75	75	72	67	75	75	75	73	57	75	74	73	75	75	76	73	72	70	69	75	71	67	67	75	73	75	75	73	74	74	75	75	75	73	74	72	62	75	74	75	74	75	75	73	75	72	74	68	75	69	38	75	
57	65	73	68	70	71	73	70	69	64	73	72	66	68	70	73	70	68	72	72	73	71	73	71	69	69	73	73	70	65	73	73	73	72	57	73	72	71	73	73	73	74	70	69	68	73	70	66	66	73	72	73	73	71	73	72	73	73	73	71	72	70	60	73	72	73	73	73	73	72	73	70	73	66	73	68	38	73	
54	62	72	67	70	69	72	68	66	64	72	73	65	67	69	72	69	67	72	71	72	70	72	70	67	67	72	72	69	64	72	72	72	70	56	72	71	70	72	72	72	70	73	67	66	72	68	64	64	72	70	72	72	70	71	71	72	72	72	70	71	69	60	72	71	72	71	72	72	70	72	69	71	65	72	66	37	72	
57	64	70	68	69	69	70	69	64	64	70	70	64	65	67	70	67	66	69	70	70	68	71	69	70	68	71	71	67	66	71	71	71	71	54	71	69	69	71	71	70	69	67	72	66	71	70	65	65	71	70	71	70	69	70	69	70	70	70	71	71	68	60	71	70	70	70	70	71	70	70	68	71	63	70	65	34	70	
57	63	69	64	67	66	69	66	65	62	69	68	62	64	66	69	66	64	67	68	69	67	69	67	65	64	69	69	66	62	69	69	69	68	51	69	68	69	69	69	69	68	66	66	70	69	67	61	63	69	68	69	69	69	68	68	69	69	69	69	69	68	58	69	68	69	68	69	69	67	69	66	68	62	69	65	34	69	
57	66	75	71	71	73	75	72	69	67	75	75	69	70	72	75	72	71	73	75	75	73	76	74	71	71	76	76	72	68	76	76	76	74	57	76	74	74	76	76	75	73	72	71	69	77	72	67	67	76	73	76	75	74	74	74	75	75	75	74	75	73	62	76	75	75	74	75	76	74	75	72	75	68	75	69	37	75	
57	66	71	67	70	71	71	70	65	65	71	71	67	66	68	71	68	67	70	71	71	69	72	70	69	68	72	72	69	65	72	72	72	72	55	72	70	70	72	72	71	70	68	70	67	72	73	65	64	72	71	72	71	70	71	70	71	71	71	72	72	69	60	72	71	71	71	71	72	71	71	68	72	64	71	67	35	71	
56	61	67	64	64	66	67	66	61	58	67	66	62	64	64	67	66	62	66	66	67	67	67	65	65	64	67	67	65	61	67	67	67	66	51	67	66	65	67	67	67	66	64	65	61	67	65	68	63	67	66	67	67	65	67	66	67	67	67	65	66	64	55	67	67	67	67	67	67	67	67	66	67	62	67	63	35	67	
57	60	67	64	64	64	67	66	63	58	67	66	61	64	64	67	64	64	65	66	67	65	67	65	65	64	67	67	66	62	67	67	67	65	49	67	66	65	67	67	67	66	64	65	63	67	64	63	68	67	65	67	67	65	66	66	67	67	67	66	67	64	57	67	67	67	66	67	67	66	67	67	66	62	67	64	35	67	
57	66	75	71	71	73	75	72	69	67	75	75	69	70	72	75	72	71	73	75	75	73	76	74	71	71	76	76	72	68	76	76	76	74	57	76	74	74	76	76	75	73	72	71	69	76	72	67	67	77	73	76	75	74	74	74	75	75	75	74	75	73	62	76	75	75	74	75	76	74	75	72	75	68	75	69	37	75	
57	65	73	68	71	71	73	70	67	66	73	72	66	68	70	73	70	68	72	72	73	71	73	71	69	69	73	73	70	65	73	73	73	73	57	73	72	71	73	73	73	72	70	70	68	73	71	66	65	73	74	73	73	71	73	72	73	73	73	72	72	70	60	73	72	73	73	73	73	72	73	70	73	66	73	67	37	73	
57	66	75	71	71	73	75	72	69	67	75	75	69	70	72	75	72	71	73	75	75	73	76	74	71	71	76	76	72	68	76	76	76	74	57	76	74	74	76	76	75	73	72	71	69	76	72	67	67	76	73	77	75	74	74	74	75	75	75	74	75	73	62	76	75	75	74	75	76	74	75	72	75	68	75	69	37	75	
57	65	75	70	71	72	75	71	69	66	75	74	68	70	72	75	72	70	73	74	75	73	75	73	70	70	75	75	72	67	75	75	75	73	57	75	74	73	75	75	75	73	72	70	69	75	71	67	67	75	73	75	76	73	74	74	75	75	75	73	74	72	62	75	74	75	74	75	75	73	75	72	74	68	75	69	38	75	
57	64	73	70	69	71	73	70	69	67	73	73	68	69	70	73	71	70	71	74	73	71	74	73	69	69	74	74	71	67	74	74	74	72	56	74	72	74	74	74	73	71	70	69	69	74	70	65	65	74	71	74	73	75	72	73	73	73	73	72	73	73	62	74	73	73	72	73	74	72	73	70	73	67	73	67	37	73	
57	65	74	69	71	72	74	71	68	65	74	73	67	69	71	74	71	69	73	73	74	72	74	72	70	70	74	74	71	66	74	74	74	73	58	74	73	72	74	74	74	73	71	70	68	74	71	67	66	74	73	74	74	72	75	73	74	74	74	72	73	71	61	74	73	74	74	74	74	73	74	71	74	67	74	68	38	74	
58	64	74	70	70	71	74	70	69	66	74	73	68	70	71	74	72	70	72	74	74	72	74	73	69	69	74	74	72	67	74	74	74	72	57	74	73	73	74	74	74	72	71	69	68	74	70	66	66	74	72	74	74	73	73	75	74	74	74	72	73	72	62	74	73	74	73	74	74	72	74	71	73	68	74	68	38	74	
57	65	75	70	71	72	75	71	69	66	75	74	68	70	72	75	72	70	73	74	75	73	75	73	70	70	75	75	72	67	75	75	75	73	57	75	74	73	75	75	75	73	72	70	69	75	71	67	67	75	73	75	75	73	74	74	76	75	75	73	74	72	62	75	74	75	74	75	75	73	75	72	74	68	75	69	38	75	
57	65	75	70	71	72	75	71	69	66	75	74	68	70	72	75	72	70	73	74	75	73	75	73	70	70	75	75	72	67	75	75	75	73	57	75	74	73	75	75	75	73	72	70	69	75	71	67	67	75	73	75	75	73	74	74	75	76	75	73	74	72	62	75	74	75	74	75	75	73	75	72	74	68	75	69	38	75	
57	65	75	70	71	72	75	71	69	66	75	74	68	70	72	75	72	70	73	74	75	73	75	73	70	70	75	75	72	67	75	75	75	73	57	75	74	73	75	75	75	73	72	70	69	75	71	67	67	75	73	75	75	73	74	74	75	75	76	73	74	72	62	75	74	75	74	75	75	73	75	72	74	68	75	69	38	75	
57	66	73	69	71	71	73	71	67	67	73	73	67	68	70	73	70	69	71	73	73	71	74	72	70	69	74	74	70	67	74	74	74	73	55	74	72	72	74	74	73	71	70	71	69	74	72	65	66	74	72	74	73	72	72	72	73	73	73	75	74	71	62	74	73	73	72	73	74	72	73	70	73	66	73	68	36	73	
57	66	74	70	71	72	74	72	68	66	74	74	68	69	71	74	71	70	72	74	74	72	75	73	71	70	75	75	71	68	75	75	75	73	56	75	73	73	75	75	74	72	71	71	69	75	72	66	67	75	72	75	74	73	73	73	74	74	74	74	76	72	63	75	74	74	73	74	75	73	74	71	74	67	74	69	37	74	
56	65	72	69	68	70	72	69	69	67	72	72	68	69	70	72	71	69	70	73	72	70	73	72	69	68	73	73	70	66	73	73	73	71	56	73	71	73	73	73	72	70	69	68	68	73	69	64	64	73	70	73	72	73	71	72	72	72	72	71	72	74	62	73	72	72	71	72	73	71	72	69	72	66	72	66	36	72	
47	55	62	61	60	59	62	60	61	60	62	61	59	61	60	62	61	60	60	62	62	61	62	62	61	58	62	62	61	60	62	62	62	60	51	62	61	62	62	62	62	60	60	60	58	62	60	55	57	62	60	62	62	62	61	62	62	62	62	62	63	62	63	62	61	62	61	62	62	60	62	60	61	58	62	58	30	62	
57	66	75	71	71	73	75	72	69	67	75	75	69	70	72	75	72	71	73	75	75	73	76	74	71	71	76	76	72	68	76	76	76	74	57	76	74	74	76	76	75	73	72	71	69	76	72	67	67	76	73	76	75	74	74	74	75	75	75	74	75	73	62	77	75	75	74	75	76	74	75	72	75	68	75	69	37	75	
57	65	74	70	70	72	74	72	68	66	74	74	68	69	71	74	71	70	72	74	74	72	75	73	70	70	75	75	71	67	75	75	75	73	56	75	73	73	75	75	74	72	71	70	68	75	71	67	67	75	72	75	74	73	73	73	74	74	74	73	74	72	61	75	76	74	73	74	75	74	74	72	74	69	74	68	37	74	
57	65	75	70	71	72	75	71	69	66	75	74	68	70	72	75	72	70	73	74	75	73	75	73	70	70	75	75	72	67	75	75	75	73	57	75	74	73	75	75	75	73	72	70	69	75	71	67	67	75	73	75	75	73	74	74	75	75	75	73	74	72	62	75	74	76	74	75	75	73	75	72	74	68	75	69	38	75	
57	65	74	69	71	72	74	71	68	65	74	73	67	69	71	74	71	69	73	73	74	72	74	72	70	70	74	74	71	66	74	74	74	73	58	74	73	72	74	74	74	73	71	70	68	74	71	67	66	74	73	74	74	72	74	73	74	74	74	72	73	71	61	74	73	74	75	74	74	73	74	71	74	67	74	68	38	74	
57	65	75	70	71	72	75	71	69	66	75	74	68	70	72	75	72	70	73	74	75	73	75	73	70	70	75	75	72	67	75	75	75	73	57	75	74	73	75	75	75	73	72	70	69	75	71	67	67	75	73	75	75	73	74	74	75	75	75	73	74	72	62	75	74	75	74	76	75	73	75	72	74	68	75	69	38	75	
57	66	75	71	71	73	75	72	69	67	75	75	69	70	72	75	72	71	73	75	75	73	76	74	71	71	76	76	72	68	76	76	76	74	57	76	74	74	76	76	75	73	72	71	69	76	72	67	67	76	73	76	75	74	74	74	75	75	75	74	75	73	62	76	75	75	74	75	77	74	75	72	75	68	75	69	37	75	
57	65	73	69	70	72	73	72	67	65	73	73	67	68	70	73	70	69	72	73	73	71	74	72	70	70	74	74	70	66	74	74	74	73	57	74	72	72	74	74	73	72	70	70	67	74	71	67	66	74	72	74	73	72	73	72	73	73	73	72	73	71	60	74	74	73	73	73	74	75	73	71	74	68	73	67	37	73	
57	65	75	70	71	72	75	71	69	66	75	74	68	70	72	75	72	70	73	74	75	73	75	73	70	70	75	75	72	67	75	75	75	73	57	75	74	73	75	75	75	73	72	70	69	75	71	67	67	75	73	75	75	73	74	74	75	75	75	73	74	72	62	75	74	75	74	75	75	73	76	72	74	68	75	69	38	75	
57	62	72	67	68	69	72	69	66	63	72	71	65	67	69	72	69	69	70	71	72	70	72	70	68	69	72	72	69	66	72	72	72	70	54	72	71	70	72	72	72	70	69	68	66	72	68	66	67	72	70	72	72	70	71	71	72	72	72	70	71	69	60	72	72	72	71	72	72	71	72	73	71	67	72	67	36	72	
57	66	74	70	71	73	74	72	68	66	74	74	68	69	71	74	71	70	73	74	74	72	75	73	71	71	75	75	71	67	75	75	75	74	58	75	73	73	75	75	74	73	71	71	68	75	72	67	66	75	73	75	74	73	74	73	74	74	74	73	74	72	61	75	74	74	74	74	75	74	74	71	76	67	74	68	37	74	
52	58	68	66	64	65	68	66	64	60	68	67	63	67	65	68	67	66	66	68	68	67	68	67	63	63	68	68	67	64	68	68	68	66	54	68	67	67	68	68	68	66	65	63	62	68	64	62	62	68	66	68	68	67	67	68	68	68	68	66	67	66	58	68	69	68	67	68	68	68	68	67	67	69	68	62	35	68	
57	65	75	70	71	72	75	71	69	66	75	74	68	70	72	75	72	70	73	74	75	73	75	73	70	70	75	75	72	67	75	75	75	73	57	75	74	73	75	75	75	73	72	70	69	75	71	67	67	75	73	75	75	73	74	74	75	75	75	73	74	72	62	75	74	75	74	75	75	73	75	72	74	68	76	69	38	75	
56	62	69	64	66	67	69	66	65	60	69	68	64	64	66	69	66	66	67	68	69	69	69	69	65	65	69	69	67	62	69	69	69	67	51	69	68	67	69	69	69	68	66	65	65	69	67	63	64	69	67	69	69	67	68	68	69	69	69	68	69	66	58	69	68	69	68	69	69	67	69	67	68	62	69	70	35	69	
28	33	38	35	37	36	38	37	37	32	38	37	34	36	35	38	37	36	38	37	38	38	37	37	34	35	37	37	37	34	37	37	37	36	28	37	37	37	37	37	38	38	37	34	34	37	35	35	35	37	37	37	38	37	38	38	38	38	38	36	37	36	30	37	37	38	38	38	37	37	38	36	37	35	38	35	38	38	
57	65	75	70	71	72	75	71	69	66	75	74	68	70	72	75	72	70	73	74	75	73	75	73	70	70	75	75	72	67	75	75	75	73	57	75	74	73	75	75	75	73	72	70	69	75	71	67	67	75	73	75	75	73	74	74	75	75	75	73	74	72	62	75	74	75	74	75	75	73	75	72	74	68	75	69	38	76	
